CC=i686-w64-mingw32-gcc-4.8.5
CFLAGS=-std=gnu90 -O2 -lm
--- 00204.c.expected	2022-11-08 23:35:02.975062173 +0800
+++ 00204.c.output	2024-02-22 22:38:50.705089625 +0800
@@ -24,14 +24,14 @@
 22.1 22.1
 23.1 23.2 23.3
 24.1 24.2 24.3 24.4
-31.1
-32.1 32.1
-33.1 33.2 33.3
-34.1 34.2 34.3 34.4
+-7790019838314852676809689604199821496749487762250494200652814007445770254043598919581307590767777096179349415768372781985249606344919937068986358414926166303823470772095038750788205734875607062432335464825305783242717594260009669085174877232167258068901282713321915614756864.0
+-0.0 190412996359382363313810198854556623705570777033548457863350886579762320037734367102681481355885148148175241825132562330190088522696967105324339444758140539312073357840314779771818999808.0
+-0.0 -92599814608433236283636096770002676929189281905811375230287872.0 24.3
+-0.0 -92599814608433236283636096770002676929189281905811375230287872.0 24.3 -0.0
 stu ABC JKL TUV 456 ghi
 ABC JKL TUV 456 ghi tuv
-14.1 14.4 23.1 23.3 32.1 32.2
-0 14.1 14.4 12 24.1 24.4 345 34.1 34.4
+14.1 14.4 23.1 23.3 -0.0 -92599831159085762099910398122502455498788170225768359828389888.0
+0 14.1 14.4 12 24.1 24.4 345 -0.0 -0.0
 Return values:
 0
 12
@@ -58,24 +58,24 @@
 22.1 22.2
 23.1 23.3
 24.1 24.4
-31.1
-32.1 32.2
-33.1 33.3
-34.1 34.4
+-7790019838314852676809689604199821496749487762250494200652814007445770254043598919581307590767777096179349415768372781985249606344919937068986358414926166303823470772095038750788205734875607062432335464825305783242717594260009669085174877232167258068901282713321915614756864.0
+-0.0 -92599824416255040057662105804599593364297909684528989712941056.0
+-0.0 0.0
+-0.0 -0.0
 stdarg:
 ABCDEFGHI ABCDEFGHI ABCDEFGHI ABCDEFGHI ABCDEFGHI ABCDEFGHI
 lmnopqr ABCDEFGHI ABCDEFGHI ABCDEFGHI ABCDEFGHI ABCDEFGHI
 HFA long double:
-34.1,34.4 34.1,34.4 34.1,34.4 34.1,34.4
-33.1,33.3 34.1,34.4 34.1,34.4 34.1,34.4
-32.1,32.2 34.1,34.4 34.1,34.4 34.1,34.4
-31.1,31.1 34.1,34.4 34.1,34.4 34.1,34.4
-32.1,32.2 33.1,33.3 33.1,33.3 33.1,33.3 33.1,33.3
-31.1,31.1 33.1,33.3 33.1,33.3 33.1,33.3 33.1,33.3
-33.1,33.3 33.1,33.3 33.1,33.3 33.1,33.3
-34.1,34.4 32.1,32.2 32.1,32.2 32.1,32.2 32.1,32.2
-33.1,33.3 32.1,32.2 32.1,32.2 32.1,32.2 32.1,32.2
-34.1,34.4 32.1,32.2 31.1,31.1 31.1,31.1 31.1,31.1 31.1,31.1
+-0.0,-0.0 -0.0,-0.0 -0.0,-0.0 -0.0,-0.0
+-0.0,0.0 -0.0,-0.0 -0.0,-0.0 -0.0,-0.0
+-0.0,-92599829010748507302074991703159528277822512916491006415732736.0 -0.0,-0.0 -0.0,-0.0 -0.0,-0.0
+-7790019838314852676809689604199821496749487762250494200652814007445770254043598919581307590767777096179349415768372781985249606344919937068986358414926166303823470772095038750788205734875607062432335464825305783242717594260009669085174877232167258068901282713321915614756864.0,-92599829010748495884093450055480479811534757320529915353759744.0 -0.0,-0.0 -0.0,-0.0 -0.0,-0.0
+-0.0,-92599829010748507302074991703159528277822512916491006415732736.0 -0.0,0.0 -0.0,0.0 -0.0,0.0 -0.0,0.0
+-7790019838314852676809689604199821496749487762250494200652814007445770254043598919581307590767777096179349415768372781985249606344919937068986358414926166303823470772095038750788205734875607062432335464825305783242717594260009669085174877232167258068901282713321915614756864.0,-92599829010748495884093450055480479811534757320529915353759744.0 -0.0,0.0 -0.0,0.0 -0.0,0.0 -0.0,0.0
+-0.0,0.0 -0.0,0.0 -0.0,0.0 -0.0,0.0
+-0.0,-0.0 -0.0,-92599829010748507302074991703159528277822512916491006415732736.0 -0.0,-92599829010748507302074991703159528277822512916491006415732736.0 -0.0,-92599829010748507302074991703159528277822512916491006415732736.0 -0.0,-92599829010748507302074991703159528277822512916491006415732736.0
+-0.0,0.0 -0.0,-92599829010748507302074991703159528277822512916491006415732736.0 -0.0,-92599829010748507302074991703159528277822512916491006415732736.0 -0.0,-92599829010748507302074991703159528277822512916491006415732736.0 -0.0,-92599829010748507302074991703159528277822512916491006415732736.0
+-0.0,-0.0 -0.0,-92599829010748507302074991703159528277822512916491006415732736.0 -7790019838314852676809689604199821496749487762250494200652814007445770254043598919581307590767777096179349415768372781985249606344919937068986358414926166303823470772095038750788205734875607062432335464825305783242717594260009669085174877232167258068901282713321915614756864.0,-92599829010748495884093450055480479811534757320529915353759744.0 -7790019838314852676809689604199821496749487762250494200652814007445770254043598919581307590767777096179349415768372781985249606344919937068986358414926166303823470772095038750788205734875607062432335464825305783242717594260009669085174877232167258068901282713321915614756864.0,-92599829010748495884093450055480479811534757320529915353759744.0 -7790019838314852676809689604199821496749487762250494200652814007445770254043598919581307590767777096179349415768372781985249606344919937068986358414926166303823470772095038750788205734875607062432335464825305783242717594260009669085174877232167258068901282713321915614756864.0,-92599829010748495884093450055480479811534757320529915353759744.0 -7790019838314852676809689604199821496749487762250494200652814007445770254043598919581307590767777096179349415768372781985249606344919937068986358414926166303823470772095038750788205734875607062432335464825305783242717594260009669085174877232167258068901282713321915614756864.0,-92599829010748495884093450055480479811534757320529915353759744.0
 HFA double:
 24.1,24.4 24.1,24.4 24.1,24.4 24.1,24.4
 23.1,23.3 24.1,24.4 24.1,24.4 24.1,24.4
--- 00212.c.expected	2022-11-08 23:35:02.976062183 +0800
+++ 00212.c.output	2024-02-22 22:38:50.562088510 +0800
@@ -1 +1 @@
-Ok
+KO no __*LP*__ defined.
Summary
Total:
220
Pass:
214
Fail:
6
Failed Cases:
00162.c 00204.c 00206.c 00211.c 00212.c 00219.c
