CC=gcc-3.1.1
CFLAGS=-std=c99 -O2 -lm
--- 00204.c.expected	2022-11-08 23:35:02.000000000 +0800
+++ 00204.c.output	2025-08-11 21:16:49.467287729 +0800
@@ -69,9 +69,9 @@
 34.1,34.4 34.1,34.4 34.1,34.4 34.1,34.4
 33.1,33.3 34.1,34.4 34.1,34.4 34.1,34.4
 32.1,32.2 34.1,34.4 34.1,34.4 34.1,34.4
-31.1,31.1 34.1,34.4 34.1,34.4 34.1,34.4
+0.0,0.0 34.1,34.4 34.1,34.4 34.1,34.4
 32.1,32.2 33.1,33.3 33.1,33.3 33.1,33.3 33.1,33.3
-31.1,31.1 33.1,33.3 33.1,33.3 33.1,33.3 33.1,33.3
+0.0,0.0 33.1,33.3 33.1,33.3 33.1,33.3 33.1,33.3
 33.1,33.3 33.1,33.3 33.1,33.3 33.1,33.3
 34.1,34.4 32.1,32.2 32.1,32.2 32.1,32.2 32.1,32.2
 33.1,33.3 32.1,32.2 32.1,32.2 32.1,32.2 32.1,32.2
@@ -80,9 +80,9 @@
 24.1,24.4 24.1,24.4 24.1,24.4 24.1,24.4
 23.1,23.3 24.1,24.4 24.1,24.4 24.1,24.4
 22.1,22.2 24.1,24.4 24.1,24.4 24.1,24.4
-21.1,21.1 24.1,24.4 24.1,24.4 24.1,24.4
+0.0,0.0 24.1,24.4 24.1,24.4 24.1,24.4
 22.1,22.2 23.1,23.3 23.1,23.3 23.1,23.3 23.1,23.3
-21.1,21.1 23.1,23.3 23.1,23.3 23.1,23.3 23.1,23.3
+0.0,0.0 23.1,23.3 23.1,23.3 23.1,23.3 23.1,23.3
 23.1,23.3 23.1,23.3 23.1,23.3 23.1,23.3
 24.1,24.4 22.1,22.2 22.1,22.2 22.1,22.2 22.1,22.2
 23.1,23.3 22.1,22.2 22.1,22.2 22.1,22.2 22.1,22.2
@@ -91,13 +91,13 @@
 14.1,14.4 14.1,14.4 14.1,14.4 14.1,14.4
 13.1,13.3 14.1,14.4 14.1,14.4 14.1,14.4
 12.1,12.2 14.1,14.4 14.1,14.4 14.1,14.4
-11.1,11.1 14.1,14.4 14.1,14.4 14.1,14.4
+0.0,0.0 14.1,14.4 14.1,14.4 14.1,14.4
 12.1,12.2 13.1,13.3 13.1,13.3 13.1,13.3 13.1,13.3
-11.1,11.1 13.1,13.3 13.1,13.3 13.1,13.3 13.1,13.3
+0.0,0.0 13.1,13.3 13.1,13.3 13.1,13.3 13.1,13.3
 13.1,13.3 13.1,13.3 13.1,13.3 13.1,13.3
 14.1,14.4 12.1,12.2 12.1,12.2 12.1,12.2 12.1,12.2
 13.1,13.3 12.1,12.2 12.1,12.2 12.1,12.2 12.1,12.2
-14.1,14.4 12.1,12.2 11.1,11.1 11.1,11.1 11.1,11.1 11.1,11.1
+14.1,14.4 12.1,12.2 0.0,0.0 0.0,0.0 11.1,11.1 11.1,11.1
 MOVI:
 0
 abcd
--- 00206.c.expected	2022-11-08 23:35:02.000000000 +0800
+++ 00206.c.output	2025-08-11 21:16:47.392262832 +0800
@@ -1,5 +1,5 @@
 abort = 111
 abort = 222
 abort = 333
-abort = 222
-abort = 111
+abort = 333
+abort = 333
--- 00220.c.expected	2022-11-08 23:35:02.000000000 +0800
+++ 00220.c.output	2025-08-11 21:16:49.065282906 +0800
@@ -1 +1 @@
-0068 0065 006C 006C 006F 0024 0024 4F60 597D 00A2 00A2 4E16 754C 20AC 20AC 0077 006F 0072 006C 0064 
+0068 0065 006C 006C 006F 0024 0024 00E4 00BD 00A0 00E5 00A5 00BD 00C2 00A2 00C2 00A2 00E4 00B8 0096 00E7 0095 008C 00E2 0082 00AC 00E2 0082 00AC 0077 006F 0072 006C 0064
Summary
Total:
220
Pass:
214
Fail:
6
Failed Cases:
00162.c 00204.c 00206.c 00216.c 00219.c 00220.c
