CC=gcc-3.0.4
CFLAGS=-std=gnu89 -O2 -lm
--- 00204.c.expected	2022-11-08 23:35:02.000000000 +0800
+++ 00204.c.output	2025-08-11 22:40:00.343569116 +0800
@@ -69,9 +69,9 @@
 34.1,34.4 34.1,34.4 34.1,34.4 34.1,34.4
 33.1,33.3 34.1,34.4 34.1,34.4 34.1,34.4
 32.1,32.2 34.1,34.4 34.1,34.4 34.1,34.4
-31.1,31.1 34.1,34.4 34.1,34.4 34.1,34.4
+0.0,0.0 34.1,34.4 34.1,34.4 34.1,34.4
 32.1,32.2 33.1,33.3 33.1,33.3 33.1,33.3 33.1,33.3
-31.1,31.1 33.1,33.3 33.1,33.3 33.1,33.3 33.1,33.3
+0.0,0.0 33.1,33.3 33.1,33.3 33.1,33.3 33.1,33.3
 33.1,33.3 33.1,33.3 33.1,33.3 33.1,33.3
 34.1,34.4 32.1,32.2 32.1,32.2 32.1,32.2 32.1,32.2
 33.1,33.3 32.1,32.2 32.1,32.2 32.1,32.2 32.1,32.2
@@ -80,9 +80,9 @@
 24.1,24.4 24.1,24.4 24.1,24.4 24.1,24.4
 23.1,23.3 24.1,24.4 24.1,24.4 24.1,24.4
 22.1,22.2 24.1,24.4 24.1,24.4 24.1,24.4
-21.1,21.1 24.1,24.4 24.1,24.4 24.1,24.4
+0.0,0.0 24.1,24.4 24.1,24.4 24.1,24.4
 22.1,22.2 23.1,23.3 23.1,23.3 23.1,23.3 23.1,23.3
-21.1,21.1 23.1,23.3 23.1,23.3 23.1,23.3 23.1,23.3
+0.0,0.0 23.1,23.3 23.1,23.3 23.1,23.3 23.1,23.3
 23.1,23.3 23.1,23.3 23.1,23.3 23.1,23.3
 24.1,24.4 22.1,22.2 22.1,22.2 22.1,22.2 22.1,22.2
 23.1,23.3 22.1,22.2 22.1,22.2 22.1,22.2 22.1,22.2
@@ -91,13 +91,13 @@
 14.1,14.4 14.1,14.4 14.1,14.4 14.1,14.4
 13.1,13.3 14.1,14.4 14.1,14.4 14.1,14.4
 12.1,12.2 14.1,14.4 14.1,14.4 14.1,14.4
-11.1,11.1 14.1,14.4 14.1,14.4 14.1,14.4
+0.0,0.0 14.1,14.4 14.1,14.4 14.1,14.4
 12.1,12.2 13.1,13.3 13.1,13.3 13.1,13.3 13.1,13.3
-11.1,11.1 13.1,13.3 13.1,13.3 13.1,13.3 13.1,13.3
+0.0,0.0 13.1,13.3 13.1,13.3 13.1,13.3 13.1,13.3
 13.1,13.3 13.1,13.3 13.1,13.3 13.1,13.3
 14.1,14.4 12.1,12.2 12.1,12.2 12.1,12.2 12.1,12.2
 13.1,13.3 12.1,12.2 12.1,12.2 12.1,12.2 12.1,12.2
-14.1,14.4 12.1,12.2 11.1,11.1 11.1,11.1 11.1,11.1 11.1,11.1
+14.1,14.4 12.1,12.2 0.0,0.0 0.0,0.0 11.1,11.1 11.1,11.1
 MOVI:
 0
 abcd
--- 00206.c.expected	2022-11-08 23:35:02.000000000 +0800
+++ 00206.c.output	2025-08-11 22:39:58.662548728 +0800
@@ -1,5 +1,5 @@
 abort = 111
 abort = 222
 abort = 333
-abort = 222
-abort = 111
+abort = 333
+abort = 333
--- 00220.c.expected	2022-11-08 23:35:02.000000000 +0800
+++ 00220.c.output	2025-08-11 22:40:00.458570511 +0800
@@ -1 +1 @@
-0068 0065 006C 006C 006F 0024 0024 4F60 597D 00A2 00A2 4E16 754C 20AC 20AC 0077 006F 0072 006C 0064 
+0068 0065 006C 006C 006F 0024 0024 FFFFFFE4 FFFFFFBD FFFFFFA0 FFFFFFE5 FFFFFFA5 FFFFFFBD FFFFFFC2 FFFFFFA2 FFFFFFC2 FFFFFFA2 FFFFFFE4 FFFFFFB8 FFFFFF96 FFFFFFE7 FFFFFF95 FFFFFF8C FFFFFFE2 FFFFFF82 FFFFFFAC FFFFFFE2 FFFFFF82 FFFFFFAC 0077 006F 0072 006C 0064
Summary
Total:
220
Pass:
213
Fail:
7
Failed Cases:
00162.c 00204.c 00206.c 00210.c 00216.c 00219.c 00220.c
